0.471796   -0.493908   -0.471118
-0.333786   -0.33516   0.488429
-0.494367   -0.335086   -0.33684
-0.32485   0.499033   -0.331695
-0.155158   0.496882   0.473233
0.0125139   -0.331748   0.497388
-0.174811   -0.32918   -0.34927
0.00176774   -0.492645   -0.33826
0.168755   -0.493067   0.499608
0.339183   -0.330939   -0.491236
0.17   -0.320712   -0.329511
0.320817   0.487715   -0.314267
-0.489586   -0.149985   0.487019
-0.325215   0.0153055   0.49249
0.492494   -0.00276541   -0.323291
-0.335429   -0.158969   -0.340834
-0.163626   -0.163051   0.496964
0.00126124   -0.00678582   0.492239
-0.164592   0.0117834   -0.341809
0.00143885   -0.161391   -0.336656
0.169   -0.171237   -0.49378
0.323223   0.00819184   0.485392
0.162346   -0.00331269   -0.348382
0.336226   -0.155339   -0.332359
0.4924   0.170461   0.490167
-0.329485   0.325284   0.489877
0.498912   0.326319   -0.324338
-0.347559   0.148061   -0.342146
-0.152935   0.168745   0.484939
0.00603802   0.338885   -0.496835
-0.16148   0.331613   -0.318774
0.000366461   0.157211   -0.349479
0.177607   0.158125   -0.494456
0.314987   0.331095   -0.48587
0.161246   0.333974   -0.321309
0.335391   0.162171   -0.337208
0.488533   0.483978   -0.180864
-0.335402   -0.343414   -0.156199
0.491614   -0.35401   0.0243504
-0.35548   0.492074   0.00479092
-0.165547   -0.4854   -0.166042
0.0137975   -0.322689   -0.178127
-0.158308   -0.325974   0.00893921
-0.000703053   -0.489468   0.0221277
0.148531   -0.494193   -0.172808
0.342148   -0.341246   -0.163818
0.154411   -0.328832   0.0114327
0.311815   0.499785   -0.0242512
0.492829   -0.161942   -0.168046
-0.313782   -0.0208572   -0.156337
-0.493573   -0.0065309   -0.00102068
-0.335772   -0.187441   0.00397909
-0.159859   -0.186036   -0.188877
0.00622843   0.00286041   -0.179164
-0.161113   0.0198334   0.0172726
-0.0174396   -0.167641   0.000211649
0.16757   -0.15486   -0.169027
0.343561   0.00200563   -0.149022
0.158974   0.00138084   -0.00196046
0.331719   -0.17625   -0.00217947
0.494896   0.154874   -0.169434
-0.330597   0.348427   -0.173702
0.481579   0.322684   -0.0122099
-0.312809   0.181003   -0.00656738
-0.160843   0.157986   -0.174421
0.00491103   0.318139   -0.15893
-0.140153   0.347545   0.00506391
0.0155113   0.153355   0.00923958
0.163563   0.160923   -0.18149
0.330632   0.326642   -0.176048
0.147569   0.34946   -0.00765943
0.330016   0.154977   0.00544891
0.482852   0.490415   0.169854
-0.325865   -0.329918   0.172602
0.485079   -0.344125   0.34824
-0.371959   0.490205   0.360643
-0.182104   0.495341   0.196451
0.00556342   -0.322252   0.183646
-0.159174   -0.330368   0.34825
0.0132327   -0.49028   0.343293
0.156865   -0.484304   0.183204
0.32573   -0.330312   0.158427
0.185107   -0.323097   0.334457
0.333896   0.477004   0.325023
0.499515   -0.149406   0.164781
-0.333324   0.0158384   0.173068
-0.488647   -0.00787468   0.317872
-0.323078   -0.165359   0.330995
-0.16695   -0.159073   0.162064
-0.00100934   0.017756   0.165614
-0.156095   0.00213583   0.334491
-0.0204011   -0.158746   0.343819
0.161559   -0.158033   0.1546
0.347494   0.000792867   0.166091
0.155988   -0.0098097   0.32468
0.32338   -0.153799   0.327441
-0.489557   0.162115   0.159275
-0.336528   0.323842   0.167704
0.497849   0.326426   0.335884
-0.321548   0.16873   0.319464
-0.165082   0.162825   0.174583
0.00750195   0.343013   0.173172
-0.15047   0.32653   0.326236
0.0243909   0.168957   0.358547
0.173764   0.16101   0.157999
0.320986   0.331228   0.14133
0.175264   0.332264   0.345835
0.331828   0.153635   0.327703
