-0.151255   0.100639   0.0261885
-0.383875   0.427471   -0.301842
0.340479   -0.355857   -0.416698
0.30258   0.446986   0.169251
0.203878   0.11247   0.0621595
-0.048098   -0.498718   0.0443581
-0.248773   -0.0302222   -0.335955
-0.238558   -0.255087   0.317445
0.203344   0.446688   -0.352787
-0.454026   0.240688   0.478997
0.0627197   -0.258178   -0.0377932
0.0498758   -0.130479   0.266244
0.197186   0.0361267   0.2936
-0.458624   -0.064288   0.0354631
0.453492   0.347108   -0.378395
0.356183   -0.106053   -0.0811686
0.198128   -0.251071   0.434879
0.406106   -0.222075   -0.278894
0.419134   -0.245971   0.415704
-0.0957952   -0.0281766   0.154761
0.352465   0.014621   0.421032
-0.297686   0.09921   0.371726
-0.384752   -0.234024   -0.213992
0.363001   0.308508   -0.203498
-0.055027   0.498703   -0.330594
0.0882663   0.475961   0.31334
0.194491   0.415557   -0.137718
-0.0854765   -0.122424   -0.432675
-0.271178   -0.419386   0.0183965
0.465932   0.383833   0.295615
-0.138272   -0.293044   0.104773
-0.135172   -0.0757043   0.364943
0.0655799   -0.363179   0.163341
0.285449   -0.156967   0.266627
-0.0125615   0.0815827   0.366187
-0.439581   -0.36495   0.335848
0.363136   0.470596   -0.0280914
0.178571   -0.424368   -0.00753571
0.46249   -0.199879   0.144395
-0.0233918   0.360431   -0.192625
0.292177   -0.289111   0.114643
-0.464159   -0.384049   -0.367739
-0.207193   0.410922   -0.387632
-0.380923   -0.0999662   0.424097
0.490653   -0.472233   0.122485
0.454879   -0.485654   0.475293
-0.150648   0.160174   0.254448
-0.22346   -0.114457   0.017409
-0.00147419   -0.270099   -0.297968
0.0194757   0.214788   -0.0291252
-0.289388   0.206737   -0.106426
0.153192   0.124472   0.473688
-0.344499   0.309935   0.317129
0.131111   -0.081288   -0.163533
0.432045   0.0184742   -0.230219
-0.00083253   0.297642   -0.395999
-0.0246643   0.112794   -0.386102
-0.248315   0.400412   -0.166573
-0.472996   0.243779   -0.0814132
-0.137629   0.349183   0.234747
0.00584043   -0.301673   0.368399
-0.379434   0.415831   0.0120368
-0.368283   0.0332223   -0.145908
-0.174533   0.191885   -0.25167
0.132978   0.256923   0.331521
0.194462   -0.108982   0.0793133
-0.347925   -0.252028   0.1466
-0.137059   0.311108   0.0032813
-0.177442   -0.20397   -0.169786
-0.336663   0.449107   0.479149
-0.2653   0.191015   -0.431109
-0.43916   0.18884   -0.290453
0.0499908   -0.4266   -0.155937
0.447884   0.0854668   -0.0309275
-0.111279   -0.429707   0.249941
0.207342   -0.205324   -0.352119
-0.301481   0.497883   0.227563
0.166919   -0.0611873   -0.499373
0.334521   -0.452034   -0.235917
0.215584   -0.275263   -0.171559
0.348575   -0.403877   0.30677
0.0334142   -0.0149807   0.00331916
-0.111673   -0.497059   0.44881
-0.275199   -0.394875   -0.311627
-0.122061   0.272622   0.418177
-0.453157   0.140249   0.249199
-0.332161   -0.216085   -0.419519
0.419381   -0.096876   -0.429466
0.362643   0.176092   -0.437971
-0.0503288   -0.0504776   -0.239955
-0.277772   -0.0298451   0.210297
0.231154   0.0106899   -0.327379
0.343709   0.158229   0.278527
0.235631   0.317426   0.0388799
0.178384   0.224509   -0.337043
0.265521   0.349545   0.452016
0.428406   0.287354   0.112702
0.217391   0.110524   -0.136622
-0.476915   -0.455175   -0.151055
-0.300168   0.199855   0.108941
0.0285885   0.149291   0.191657
-0.134796   -0.408986   -0.129319
0.111082   -0.382269   -0.422352
-0.421286   0.0615967   -0.460338
0.437275   -0.0281085   0.221
0.0839885   0.354797   0.156453
-0.44566   -0.251967   -0.0398643
-0.158689   -0.306256   -0.473468
