-0.126292   -0.169091   0.0450109
0.38606   -0.224357   0.0105923
-0.278019   -0.389218   0.343135
-0.372805   0.481766   0.311137
-0.0443524   0.122027   -0.363779
0.0462815   -0.475707   0.485598
0.398284   0.0925004   0.359478
0.114698   -0.322942   0.141989
0.247855   -0.329139   -0.00826555
0.250958   -0.173151   -0.45784
0.161806   -0.021361   -0.0356624
-0.208781   -0.361566   0.302459
0.179331   0.132518   -0.165926
-0.395064   0.447939   0.382587
-0.416121   -0.283527   -0.269789
0.0239965   0.468332   0.209986
-0.177349   -0.33698   -0.0519303
0.0125454   -0.220171   0.441954
-0.37971   -0.426516   0.230972
0.425291   0.0335002   -0.335191
0.167408   0.199359   -0.0924314
-0.483448   0.182967   -0.392507
0.325965   0.0246379   -0.288519
0.0431143   0.149569   -0.344965
0.262429   -0.233584   0.392941
0.355428   -0.276382   -0.0497689
-0.212953   0.273283   -0.222888
0.0503136   0.387956   0.420108
0.486089   -0.215195   0.182136
-0.223947   0.102086   0.48567
-0.114225   -0.168354   -0.428718
0.0422665   0.312055   0.366389
0.441619   -0.221144   -0.490235
-0.240836   0.495328   0.457574
0.104975   -0.294569   0.433757
0.327956   -0.147964   -0.265548
-0.234262   -0.121142   0.00119507
-0.159804   -0.201194   0.286686
0.317173   0.160223   -0.348086
-0.0310307   0.447606   0.26426
-0.132648   0.0941905   0.322724
0.0375533   -0.246881   -0.488343
0.32127   -0.0325259   -0.46136
0.482003   -0.0100399   0.45933
0.203253   0.309872   -0.153378
0.205397   -0.138534   -0.186536
0.250033   -0.181957   0.304112
-0.044567   0.271786   -0.224833
-0.0654262   -0.468305   0.0979923
-0.474657   -0.137264   -0.144622
-0.317626   0.061507   -0.131542
0.162582   0.269374   0.227601
-0.239989   -0.261507   0.48608
-0.449921   0.348249   -0.230986
0.351452   0.26943   -0.488992
0.0613851   0.367503   0.187606
0.0347442   0.365579   0.282836
0.243517   -0.00950187   -0.23145
0.0949175   0.297107   -0.0269148
-0.0381969   -0.341719   -0.474902
0.100718   0.0945867   0.342196
-0.208762   0.320008   -0.125578
-0.361139   0.494928   -0.375471
0.324262   -0.182279   -0.387591
0.36856   0.0263507   0.296906
0.00611597   -0.175175   0.168528
-0.0246473   0.184311   -0.144121
0.212469   0.0560591   0.279105
-0.111012   -0.331796   0.450032
-0.459405   0.0894793   0.332664
-0.481947   -0.0056477   0.0681197
0.457649   0.0820438   0.41707
-0.04328   -0.375526   0.0490419
-0.45167   0.481318   -0.223134
0.144413   -0.225486   -0.332823
-0.436567   -0.494943   -0.41716
-0.470503   -0.423618   -0.262524
-0.327314   0.0436192   -0.496404
-0.316354   0.211598   0.378423
-0.0153015   0.498738   0.0142371
0.315243   0.337434   0.326737
-0.382323   -0.178407   0.374322
-0.439557   0.00733982   -0.26329
0.455318   0.474781   -0.379791
-0.264277   0.0504514   -0.0657126
0.498594   0.323672   0.0186167
0.0735778   -0.0119846   0.321952
-0.30376   0.484954   -0.327404
0.138505   -0.383982   -0.239135
-0.292141   0.409684   -0.256567
-0.427877   0.322895   -0.306028
-0.181759   -0.260782   0.381316
-0.121231   -0.363616   -0.46989
-0.103476   -0.276486   -0.474289
0.116318   0.080788   0.228909
0.381245   0.239875   -0.27214
0.307752   -0.376189   -0.476356
0.15763   -0.102491   0.396115
-0.300053   -0.154644   0.315973
0.496153   0.379952   -0.345218
-0.269532   0.370704   -0.159628
0.231878   -0.208768   -0.217137
0.119924   -0.0266327   0.378646
0.252901   0.397292   0.191249
-0.21899   -0.156711   -0.462731
0.440349   0.387864   0.343052
0.346833   -0.269265   0.0725059
0.308356   0.406694   0.266333

