   1.1834000000000005e+02
   9.7959999999999980e+01
   9.8519999999999996e+01
   7.7620000000000005e+01
   1.0642000000000002e+02
   9.3259999999999991e+01
   9.6800000000000040e+01
   1.1386000000000000e+02
   9.8059999999999988e+01
   1.0076000000000003e+02
   1.0524000000000004e+02
   6.9199999999999960e+01
   7.6519999999999996e+01
   8.4379999999999981e+01
   1.0104000000000001e+02
   1.1029999999999997e+02
   8.7859999999999971e+01
   8.5200000000000017e+01
   9.3920000000000002e+01
   8.7760000000000005e+01
   9.1859999999999999e+01
   1.0002000000000000e+02
   7.6859999999999985e+01
   1.0760000000000002e+02
   7.7499999999999986e+01
   1.0691999999999994e+02
   1.2589999999999999e+02
   1.1738000000000004e+02
   1.0380000000000001e+02
   1.1383999999999999e+02
   1.1280000000000000e+02
   7.6739999999999995e+01
   9.1300000000000026e+01
   1.2080000000000003e+02
   8.6620000000000047e+01
   9.2700000000000031e+01
   8.3240000000000009e+01
   1.0193999999999998e+02
   1.0895999999999998e+02
   1.0366000000000000e+02
   8.3740000000000023e+01
   7.4579999999999998e+01
   1.2332000000000002e+02
   8.7580000000000013e+01
   9.6060000000000002e+01
   8.9060000000000002e+01
   1.1551999999999997e+02
   9.4100000000000009e+01
   9.5820000000000036e+01
   1.0376000000000001e+02
   9.5760000000000005e+01
   1.0102000000000000e+02
   1.1449999999999999e+02
   9.3820000000000022e+01
   1.0142000000000003e+02
   9.6220000000000013e+01
   7.7239999999999966e+01
   7.9380000000000010e+01
   9.7160000000000025e+01
   9.7719999999999985e+01
   9.6280000000000015e+01
   1.1515999999999998e+02
   1.0597999999999998e+02
   9.7440000000000040e+01
   1.2086000000000000e+02
   1.2935999999999999e+02
   1.3476000000000002e+02
   9.7520000000000024e+01
   9.9319999999999993e+01
   1.2022000000000004e+02
   7.5799999999999997e+01
   7.8159999999999997e+01
   7.9920000000000030e+01
   8.7379999999999953e+01
   1.0670000000000005e+02
   1.1427999999999999e+02
   1.0544000000000003e+02
   1.3672000000000003e+02
   9.5300000000000040e+01
   8.6540000000000006e+01
   1.0328000000000000e+02
   1.1064000000000003e+02
   7.7219999999999999e+01
   1.3566000000000005e+02
   1.1349999999999999e+02
   1.3798000000000002e+02
   9.0540000000000020e+01
   8.3920000000000002e+01
   8.6839999999999989e+01
   1.0708000000000001e+02
   1.1245999999999998e+02
   7.8579999999999998e+01
   1.0698000000000002e+02
   1.0830000000000005e+02
   1.1103999999999998e+02
   8.5080000000000027e+01
   1.3978000000000003e+02
   8.7220000000000013e+01
   9.8900000000000006e+01
   8.6900000000000006e+01
