   4.2075147808016908e+01
   4.1190656048024231e+01
   3.9837264407275818e+01
   3.8646628837045121e+01
   3.7866085616475729e+01
   3.7333867701719470e+01
   3.6158097808609149e+01
   3.5617136970026863e+01
   3.5504823775652675e+01
   3.4445052194598162e+01
   3.4001163760108241e+01
   3.3504462930520333e+01
   3.2754645575259950e+01
   3.2607800010713348e+01
   3.1528250432579782e+01
   3.1547636681532932e+01
   3.1231000063042693e+01
   3.0732754914587396e+01
   3.0672069256142393e+01
   2.9970578647332758e+01
   3.0022208528572772e+01
   2.9782117195167046e+01
   2.8993039093262858e+01
   2.8789626899940949e+01
   2.8229443641542701e+01
   2.7690020945310653e+01
   2.7110966309456600e+01
   2.7408426646664157e+01
   2.6625658557155589e+01
   2.6233823280587764e+01
   2.5284770121240758e+01
   2.5479001965328351e+01
   2.4882522046883196e+01
   2.4546647093876455e+01
   2.4866419441018589e+01
   2.4062431569780575e+01
   2.4073646316195408e+01
   2.4242991441638125e+01
   2.3597062477863478e+01
   2.3980516206040715e+01
   2.3607529261055266e+01
   2.3861394360125566e+01
   2.3371993554643868e+01
   2.3729386080877589e+01
   2.3470337472202708e+01
   2.3460613700101121e+01
   2.2893749478871015e+01
   2.1775433176659007e+01
   2.1603779360926968e+01
   2.0733969135630403e+01
   2.0393461412246118e+01
   1.9779965596658528e+01
   1.9477706967973425e+01
   1.9750115047220319e+01
   1.9240463671353556e+01
   1.9258512027006699e+01
   1.9314459001713587e+01
   1.9214000159381463e+01
   1.9030275689541227e+01
   1.9119207082204518e+01
   1.8962493746439790e+01
   1.8679635727022806e+01
   1.8841138309575811e+01
   1.8388217472360157e+01
   1.8459533078347278e+01
   1.8305467169343746e+01
   1.8579085552996279e+01
   1.8605959542093014e+01
   1.8391183213098266e+01
   1.8043863821946946e+01
   1.8020846917921336e+01
   1.8356277672729590e+01
   1.7916246044742834e+01
   1.8014256705771082e+01
   1.7709724335769000e+01
   1.7933097659626014e+01
   1.7427245876705548e+01
   1.7863991239076739e+01
   1.7709532590287310e+01
   1.7397156963213217e+01
   1.7296674725281704e+01
   1.7248508573862726e+01
   1.7178892577826961e+01
   1.6797224015674523e+01
   1.6970596172480533e+01
   1.6535778421215724e+01
   1.6988622313605557e+01
   1.7017886735655619e+01
   1.6687654293470683e+01
   1.6849894570241087e+01
   1.6418667730647051e+01
   1.6377895681958432e+01
   1.6341127475378524e+01
   1.6193952156757177e+01
   1.6007860010835802e+01
   1.5810987103456087e+01
   1.5974153595420393e+01
   1.5280342670750420e+01
   1.4742189918715258e+01
   1.5026375046963404e+01
   1.4999297704120043e+01
   1.4355425422405492e+01
   1.4993015401028570e+01
   1.4633401284651505e+01
   1.4786501035615448e+01
   1.4313790483966599e+01
   1.4601177253281657e+01
   1.4487733278688015e+01
   1.4410271797087324e+01
   1.4142926020812787e+01
   1.4348942829875027e+01
   1.4119584390174612e+01
   1.3717076757493116e+01
   1.3543161264823334e+01
   1.3766332233554600e+01
   1.3915401146926691e+01
   1.3922044204237931e+01
   1.3927047678600585e+01
   1.3986328288469162e+01
   1.4266964775087914e+01
   1.3942229170730549e+01
   1.3895419073551821e+01
   1.3311252813463941e+01
   1.3715650840422596e+01
   1.3470935408813725e+01
   1.3683170936440924e+01
   1.3528949152166303e+01
   1.3762190350516942e+01
   1.3416663756912444e+01
   1.3698507936406346e+01
   1.3787674633951879e+01
   1.3716081503476595e+01
   1.3723883417408402e+01
   1.3883467055777874e+01
   1.4071576222879598e+01
   1.3859414787304353e+01
   1.3867653344283299e+01
   1.3862382743180687e+01
   1.3647482491591745e+01
   1.3927737953304341e+01
   1.3813924440555558e+01
   1.3805423337295052e+01
   1.3566585659343751e+01
   1.3294695037348088e+01
   1.3629379717211789e+01
   1.3595828990272089e+01
   1.3213858377287854e+01
   1.3038646842961823e+01
   1.3211050253059852e+01
   1.3184075628000400e+01
   1.2827653103715397e+01
   1.3076496652169805e+01
   1.2372788762991799e+01
   1.2589864586289355e+01
   1.2479496985509686e+01
   1.2176059865732691e+01
   1.2440540257464599e+01
   1.2159213495717259e+01
   1.2015533689013354e+01
   1.2145235986906419e+01
   1.2477729270690315e+01
   1.2388582648763458e+01
   1.2031896874461017e+01
   1.1892874524402769e+01
   1.1819499082379144e+01
   1.1325916727049462e+01
   1.1760741309310452e+01
   1.1385053449661738e+01
   1.1292806940352150e+01
   1.0835740213332299e+01
   1.0647446954896218e+01
   1.0686931140297734e+01
   1.0492790419129205e+01
   1.0604872311708121e+01
   1.0487598631267701e+01
   1.0241222782411983e+01
   1.0537115388737469e+01
   1.0768275455753527e+01
   1.0600251555061545e+01
   1.0344792739411927e+01
   1.0180572598246437e+01
   1.0292354988220769e+01
   1.0028709496539925e+01
   1.0224969125842575e+01
   9.9785007082260329e+00
   1.0187282160978903e+01
   1.0026153376419300e+01
   9.8999977979640548e+00
   9.6639099324956153e+00
   9.9534480727999526e+00
   1.0238165304085229e+01
   1.0008458446365578e+01
   1.0036634702116558e+01
   9.6884688866557536e+00
   9.8781457089469900e+00
   9.8424478816342091e+00
   9.7401874114140359e+00
   9.1236750778539335e+00
   9.3258407402520582e+00
   9.6392244783246070e+00
   9.3508293992352556e+00
   9.2328581610990632e+00
   9.1659648045549886e+00
   9.0061052978740967e+00
   9.1331187925675472e+00
   9.3506215145659901e+00
   9.0820095367213280e+00
   8.9488933011744489e+00
   9.1204100565483284e+00
   8.8944570045548783e+00
   8.9768504473664255e+00
   8.9692016171875064e+00
   9.0574127636596646e+00
   8.9009739871337370e+00
   8.7612540866359740e+00
   8.7530828897091268e+00
   8.9979078062038766e+00
   8.9904076689917467e+00
   8.9777358203836926e+00
   9.0152796730365949e+00
   8.9457065694819082e+00
   8.8617137678738676e+00
   9.2386726941244586e+00
   8.8091596908636802e+00
   9.1035967846642443e+00
   9.2123922302341654e+00
   9.0954471420651188e+00
   8.7717442572255209e+00
   8.9480363321386580e+00
   8.7807585942856328e+00
   8.7849781969380825e+00
   8.7651807859702870e+00
   8.5314049769878242e+00
   8.5933389057769656e+00
   8.4919282077115898e+00
   8.3328608249860494e+00
   8.1968288354454177e+00
   8.4242519636415558e+00
   8.3433651948259939e+00
   8.3104535594308384e+00
   8.3663710682561092e+00
   8.5927379789084064e+00
   8.8038394013158285e+00
   8.6422218047002168e+00
   8.4242025956621323e+00
   8.8052687452320058e+00
   8.6795404284313573e+00
   8.4437914355378982e+00
   8.1785003641975393e+00
   8.2132208232986610e+00
   7.8016074469353178e+00
   7.5768404176014545e+00
   7.8385909406721881e+00
   7.5036805653840224e+00
   7.2908659648141318e+00
   7.1712063458313473e+00
   7.0879038056081525e+00
   7.1867198278533673e+00
   7.3800129642235923e+00
   7.7516872918784872e+00
   7.2478922672401973e+00
   7.5383888312776302e+00
   7.5873882879847931e+00
   7.4644555697839614e+00
   7.3061857508647350e+00
   7.3854712190760781e+00
   7.4034442147023336e+00
   7.4433360380603446e+00
   7.4435151882481394e+00
   7.1531022812032594e+00
   7.1296266445537686e+00
   7.2475845093444651e+00
   7.4769036473491290e+00
   7.2851399638218082e+00
   7.3132933564020393e+00
   7.4864419659395454e+00
   7.4992502003048935e+00
   7.4267849690368131e+00
   7.4136259351747045e+00
   7.7261719719173083e+00
   7.3020032642845853e+00
   7.4537112846863929e+00
   7.2515698002799196e+00
   7.2768850562554643e+00
   7.3672610748234186e+00
   7.2105455317355673e+00
   7.2439815210591680e+00
   7.2306556901043564e+00
   7.1856821568781699e+00
   7.0018247104754572e+00
   7.5559684910377856e+00
   7.4047857873672980e+00
   7.3501878991537861e+00
   7.1068165763946363e+00
   7.3219132021112978e+00
   7.2520902750661209e+00
   7.0465913377906420e+00
   7.1255929528572031e+00
   7.4375872495009636e+00
   7.4922297744691830e+00
   7.1987568096791987e+00
   7.6223591125585699e+00
   7.7040910360732546e+00
   7.1023978387056426e+00
   7.2959163155615467e+00
   7.2065392930177703e+00
   7.5519817654951726e+00
   7.7075095717195392e+00
   7.7256009073566805e+00
   7.2732696306294429e+00
   7.2625922003838310e+00
   7.1560325669333542e+00
   7.3610349917261599e+00
   7.2287597574847418e+00
   7.2705967142695451e+00
   7.4599119121141078e+00
   7.5178635792399113e+00
   7.3974023873619901e+00
   7.4201950886668051e+00
   7.1874727685101281e+00
   7.1972059085397504e+00
   7.3013008197867411e+00
   7.3366348514676361e+00
   7.3430268422674496e+00
   7.5161998311113374e+00
   7.2585943834829276e+00
   7.5409486577514668e+00
   7.4141299107334593e+00
   7.3832839496622436e+00
   7.4450463958880642e+00
   7.1938024107017533e+00
   7.3059226949696008e+00
   7.2152459991705067e+00
   7.3181567027472116e+00
   6.9945087646685353e+00
   7.4509618456083775e+00
   7.2094193021426509e+00
   7.1374225832274512e+00
   7.0871122029415901e+00
   7.1642378741777293e+00
   7.0244206142963206e+00
   7.1322724179174068e+00
   7.2328076729619992e+00
   7.0152228807547443e+00
   7.1588728299469810e+00
   7.1239947974830171e+00
   7.5021567809029293e+00
   7.5419000875902524e+00
   7.5879812857878308e+00
   7.4660667374967966e+00
   7.3171395635947540e+00
   7.2975702632964135e+00
   7.3118933276280949e+00
   7.0514067283018811e+00
   7.0665128451187833e+00
   7.2716711014173505e+00
   7.0293325614988955e+00
   7.2829533990342830e+00
   7.2741082141740403e+00
   7.2306365108257822e+00
   7.4513727715366249e+00
   7.3005159566408562e+00
   7.0614173205529482e+00
   7.0784138155957930e+00
   7.0050644118741321e+00
   7.3202929741705791e+00
   7.1489543170959573e+00
   7.0445957312860017e+00
   7.2675959417469063e+00
   7.1745631044701943e+00
   7.2643267020061897e+00
   7.4220086778934000e+00
   7.0984621699908690e+00
   7.3087289767997028e+00
   7.4118745914989095e+00
   7.1915952088772324e+00
   7.1674068935258024e+00
   7.5076658200970607e+00
   7.6030538791370077e+00
   7.2781213698830216e+00
   7.3212180680301007e+00
   7.1421314745790623e+00
   7.1202083852159399e+00
   7.3862940851519570e+00
   7.6473175733116454e+00
   7.6326746112482446e+00
   8.2814047946127509e+00
   7.9035306984781162e+00
   7.9890168455802781e+00
   8.1075495464565126e+00
   8.1505955443386604e+00
   7.7979838843137737e+00
   8.1203389211693544e+00
   8.1803011883543135e+00
   8.0814156376922366e+00
   8.4730704350986858e+00
   8.4375487788254002e+00
   8.3427994251763309e+00
   8.1319781775722326e+00
   7.9367752681584758e+00
   7.7846444797225844e+00
   7.7477780625955646e+00
   7.5921852932642624e+00
   7.5211485998136745e+00
   7.3961633864171930e+00
   7.3028605719862751e+00
   7.2018352095125850e+00
   7.2368043585101143e+00
   7.2555650635034086e+00
   7.0253172793410750e+00
   6.8265190465695378e+00
   6.8983642265650440e+00
   6.8863881604317472e+00
   6.9974111097815603e+00
   7.3957891444511370e+00
   7.1164313015758447e+00
   6.8930271772139564e+00
   7.2306734655768468e+00
   6.9059103576228473e+00
   7.1347622409421554e+00
   7.1461797242287863e+00
   7.4120669056255766e+00
   7.0674967333544831e+00
   6.9667110977636115e+00
   7.0959267183677932e+00
   7.1131284617123072e+00
   6.9720446558393352e+00
   7.3603819649620617e+00
   6.8956327312201209e+00
   7.0692447087467833e+00
   7.0865123407041315e+00
   7.2229561109736382e+00
   7.1198018043850491e+00
   7.3677513261102989e+00
   7.0335999118172348e+00
   6.8872611154227004e+00
   6.8610257063352718e+00
   7.0443061481939715e+00
   6.9810056825430102e+00
   6.5916390770373869e+00
   6.7939106803222309e+00
   6.8011243720566972e+00
   7.2910119771899442e+00
   6.9982508757713502e+00
   6.9951370538766593e+00
   7.2089367701011478e+00
   6.7946027659925683e+00
   6.7231261228422747e+00
   6.8778284791841839e+00
   6.8023053580446584e+00
   6.8014438297039330e+00
   6.9981408485058489e+00
   6.9773986567290853e+00
   6.6188937166530204e+00
   6.8075256798387729e+00
   6.7848256004834777e+00
   6.8713210354483865e+00
   6.6017982006590508e+00
   6.9205991473186250e+00
   6.5544792694215790e+00
   6.6775332674332013e+00
   6.7304549056679672e+00
   6.7472473831853632e+00
   6.7197276506487205e+00
   6.4703792061366130e+00
   6.7465700760155869e+00
   6.9496149259559958e+00
   6.8201341944437219e+00
   6.6239375500595497e+00
   6.8898568117163492e+00
   6.8307507255308364e+00
   6.9386697326104425e+00
   7.0993197661955785e+00
   6.9059025329397103e+00
   6.7926235369616874e+00
   6.8263067000523003e+00
   7.2724460698267146e+00
   6.9131338869069570e+00
   6.5319966421492976e+00
   6.9256117395233447e+00
   7.1174700399737567e+00
   7.0475112999070424e+00
   7.1455660895638031e+00
   7.1893091969441665e+00
   7.1232912743963492e+00
   6.7308134568810711e+00
   7.1023002829960955e+00
   6.6922398798400922e+00
   6.6984781784654892e+00
   6.6668269302542562e+00
   6.9028645542799199e+00
   6.5523667897908284e+00
   6.8641980588731508e+00
   6.8009793820568287e+00
   6.7672611415506188e+00
   7.1060101834787073e+00
   6.9350499121834801e+00
   6.9416896195146975e+00
   7.0168834206520181e+00
   7.1245203732988989e+00
