   1.7443773528199223e+01
   1.7098430947653529e+01
   1.6912783244894865e+01
   1.6556306498939772e+01
   1.6274455413531470e+01
   1.6275780115357762e+01
   1.6100027420397975e+01
   1.5812098816334894e+01
   1.5617082012887076e+01
   1.5510874843365036e+01
   1.5327696135515913e+01
   1.4896333394686858e+01
   1.4880915028070449e+01
   1.4703709638987174e+01
   1.4566841445196188e+01
   1.4477395081203921e+01
   1.4468663473558433e+01
   1.4461036555875143e+01
   1.4293026453541058e+01
   1.4052128872742614e+01
   1.4064455767731429e+01
   1.3895352827242423e+01
   1.3790353241938551e+01
   1.3838884818214432e+01
   1.3666867889302271e+01
   1.3570629157453205e+01
   1.3192228563614417e+01
   1.3037661234868105e+01
   1.2707485672560114e+01
   1.2827166593527195e+01
   1.2731096776897129e+01
   1.2575029363993595e+01
   1.2502073538369478e+01
   1.2206660284112681e+01
   1.2202382965335492e+01
   1.2031950157639335e+01
   1.2009947775944083e+01
   1.2011111997443418e+01
   1.1613023724716525e+01
   1.1383925566192161e+01
   1.1308027817371626e+01
   1.1198849677916805e+01
   1.1227312111238064e+01
   1.1054785444178105e+01
   1.0957679363411655e+01
   1.0625477233096930e+01
   1.0495958644241083e+01
   1.0648161323313516e+01
   1.0525270081747585e+01
   1.0540209726122885e+01
   1.0463513351870688e+01
   1.0225326981347486e+01
   1.0162548797555996e+01
   1.0177698244214994e+01
   1.0185327771122525e+01
   1.0030559214504851e+01
   1.0111937499605268e+01
   9.9911480488614455e+00
   9.7878662347078826e+00
   9.6147368115934526e+00
   9.6200839244343861e+00
   9.6975501800011195e+00
   9.6022051966903330e+00
   9.5505761534826821e+00
   9.4444156141385296e+00
   9.2872878207226339e+00
   9.2495161178513179e+00
   9.3774129231625167e+00
   9.3042108455706103e+00
   9.2395436208178534e+00
   9.1124942396734063e+00
   9.1140019907394478e+00
   9.1335426280498844e+00
   8.9993852671732846e+00
   8.8346356887090618e+00
   8.9010574664716202e+00
   8.7425504163901024e+00
   8.6275505938317991e+00
   8.7289262947214858e+00
   8.7813566100026375e+00
   8.8252185865190338e+00
   8.7292623648811301e+00
   8.5950412533685565e+00
   8.5830790884658761e+00
   8.5329717968930314e+00
   8.6554199563415111e+00
   8.3709841355820025e+00
   8.5017139110154005e+00
   8.3906946091746075e+00
   8.4221116173187411e+00
   8.1941029315788700e+00
   8.0571508028175796e+00
   8.0435048202665502e+00
   8.1059408262371111e+00
   8.1900728974794763e+00
   8.0497400518915825e+00
   8.0866343252113264e+00
   8.0478375432315694e+00
   8.0221116676354693e+00
   7.9410672810316090e+00
   7.9122879064876859e+00
   7.8768761345120204e+00
   7.6922236842734506e+00
   7.6729094398252009e+00
   7.6010656770363338e+00
   7.6442898169299021e+00
   7.5737121565625349e+00
   7.3601655429372457e+00
   7.2271333429830857e+00
   7.3074932932121808e+00
   7.0522392925458375e+00
   6.8873063962489196e+00
   7.0651922805501268e+00
   6.8545876979492775e+00
   6.6269348199698586e+00
   6.5431867215268769e+00
   6.4483621832797100e+00
   6.3362140190352969e+00
   6.2893965644083085e+00
   6.1161926004440552e+00
   6.0663391518912091e+00
   5.9143642463939399e+00
   5.7817363400920270e+00
   5.7699443685541336e+00
   5.6340210302418656e+00
   5.5211251449009957e+00
   5.4813111151431535e+00
   5.4879511965090879e+00
   5.4950775246296857e+00
   5.5471720363033885e+00
   5.4461640969016161e+00
   5.4808500445818842e+00
   5.3867033224788630e+00
   5.5596104357713436e+00
   5.4397945278889122e+00
   5.3413136348859380e+00
   5.2860320155274438e+00
   5.3464091187839067e+00
   5.2613312344455139e+00
   5.4458858539941275e+00
   5.3924897691639604e+00
   5.2707057487513147e+00
   5.3827929193066435e+00
   5.3231529221604488e+00
   5.2351390444980161e+00
   5.3463655777197179e+00
   5.3327524566338012e+00
   5.3170392301440668e+00
   5.4461923148950646e+00
   5.3132165699197209e+00
   5.4757959944210759e+00
   5.4821358567357947e+00
   5.4185545429531388e+00
   5.4386816836907483e+00
   5.5054466202145109e+00
   5.3165138410014707e+00
   5.3512745801149233e+00
   5.3949741254111334e+00
   5.5859693553087091e+00
   5.5347301858148752e+00
   5.3302946758597605e+00
   5.2667174509295585e+00
   5.2819937317606938e+00
   5.3040433013139134e+00
   5.5228903547866279e+00
   5.4212938299106987e+00
   5.4583404857252376e+00
   5.2944229367208528e+00
   5.2981933228701132e+00
   5.4366510740984078e+00
   5.3422399606796693e+00
   5.3463587744868839e+00
   5.3977072261920274e+00
   5.3439281736942030e+00
   5.2644655802894817e+00
   5.2891587580671064e+00
   5.1609373529381939e+00
   5.2779440106999189e+00
   5.3879080570514137e+00
   5.4068984968174574e+00
   5.3020987466081309e+00
   5.3448768104203941e+00
   5.3455889247033044e+00
   5.3403505728108840e+00
   5.2755617644453787e+00
   5.2352222119318581e+00
   5.3028637654572570e+00
   5.2366805920949639e+00
   5.2554435491123082e+00
   5.2874846354943328e+00
   5.2656134501246648e+00
   5.3043261760748512e+00
   5.3071525719336980e+00
   5.2815166605402020e+00
   5.2698281757618517e+00
   5.3050721668679577e+00
   5.2738540139490029e+00
   5.3717904462369663e+00
   5.3338483953662150e+00
   5.3503545009837357e+00
   5.3237837682984193e+00
   5.4273160023299738e+00
   5.3467226095529012e+00
   5.2269559076192458e+00
   5.2726858633727112e+00
   5.3411635454507476e+00
   5.2743312976978247e+00
   5.2819632604901221e+00
   5.3700336203965158e+00
   5.4370096775222887e+00
   5.2756543666087579e+00
   5.2763228881123716e+00
   5.2619349675117215e+00
   5.1912155583391657e+00
   5.2674849119154645e+00
   5.2199837587697928e+00
   5.3072015174982656e+00
   5.2367374248679832e+00
   5.2026853729400520e+00
   5.2953205560084875e+00
   5.3026377875812951e+00
   5.3276186018302862e+00
   5.4809186639056229e+00
   5.4521738065182230e+00
   5.5252200942591072e+00
   5.4601478442373219e+00
   5.5495762332053529e+00
   5.3536039421099080e+00
   5.3107859540362510e+00
   5.3536517054234034e+00
   5.4353654513700596e+00
   5.4123153273664117e+00
   5.3800569055664207e+00
   5.3219548376742205e+00
   5.2574899013000387e+00
   5.3582102880262710e+00
   5.4072941373203482e+00
   5.4701449470060650e+00
   5.4371708647357835e+00
   5.2204632340226702e+00
   5.2645701368405025e+00
   5.3936484783988359e+00
   5.2132350474420095e+00
   5.1363136254326101e+00
   5.3151844186120165e+00
   5.3473294508737901e+00
   5.3572213403927016e+00
   5.3231223679353006e+00
   5.2304222720391813e+00
   5.3101632672811094e+00
   5.3205881048666335e+00
   5.3459835372718860e+00
   5.4047180844449851e+00
   5.3325106106107683e+00
   5.4453984622143823e+00
   5.3843274875682301e+00
   5.4122110788702402e+00
   5.3621557807095499e+00
   5.2714742791617937e+00
   5.2532322930185753e+00
   5.2897087448059050e+00
   5.2623096078598666e+00
   5.2937051969800644e+00
   5.2403803108952527e+00
   5.5389351803231310e+00
   5.4965904677128137e+00
   5.5026363837072587e+00
   5.5638104065388880e+00
   5.5786900594416196e+00
   5.6035886737345644e+00
   5.5582855804274880e+00
   5.4533019623250496e+00
   5.4587282917247943e+00
   5.2819337120073273e+00
   5.3769923019891959e+00
   5.4302914754972109e+00
   5.2841761489637449e+00
   5.5395696798933418e+00
   5.5028374173597481e+00
   5.4607996783375965e+00
   5.3158789674726608e+00
   5.2194526816254321e+00
   5.4171286621607218e+00
   5.3060057691624998e+00
   5.3908882424266622e+00
   5.3242452962983684e+00
   5.2566062503113331e+00
   5.3514396707143215e+00
   5.3270320380176690e+00
   5.2628905159870625e+00
   5.2331418053771817e+00
   5.3208825417870358e+00
   5.3465384168039067e+00
   5.3384235055788913e+00
   5.2619463118768293e+00
   5.6049938881647652e+00
   5.4074466117325573e+00
   5.4458539484279633e+00
   5.2693795268547516e+00
   5.4806691642671099e+00
   5.5079584109607298e+00
   5.3873161052019816e+00
   5.3405290448163241e+00
   5.2880289569356798e+00
   5.5337568909233257e+00
   5.3805330427838474e+00
   5.4363205180373404e+00
   5.3580813908560536e+00
   5.4089282380296844e+00
   5.3249190342921624e+00
   5.4364777333934384e+00
   5.3259140467136694e+00
   5.2772613635585586e+00
   5.4709010443702599e+00
   5.4585277290046816e+00
   5.4472669786389476e+00
   5.6546994669997570e+00
   5.4990436925736779e+00
   5.3827304430978185e+00
   5.5393689534868740e+00
   5.5998443563375506e+00
   5.3274979282351271e+00
   5.5986192364201948e+00
   5.5515586382900191e+00
   5.7133416733955364e+00
   5.8740796768160859e+00
   5.8439507187572088e+00
   5.7710148930848160e+00
   6.1304600776469442e+00
   5.8376217782366915e+00
   5.8425323459816836e+00
   5.7811699709503976e+00
   5.7495788618847197e+00
   5.6871064390409378e+00
   5.6144715246909183e+00
   5.4906744819364208e+00
   5.6989397529606745e+00
   5.5095574172590105e+00
   5.5105283506633507e+00
   5.3959222948537970e+00
   5.4007968972624623e+00
   5.3518061179478904e+00
   5.2959055617749371e+00
   5.3540321305385135e+00
   5.2648724418157871e+00
   5.2943307077787445e+00
   5.2069589851197797e+00
   5.3282319836951908e+00
   5.1466875864250001e+00
   5.1395868352327794e+00
   5.2177713136589432e+00
   5.1516297819883583e+00
   5.1604299853282054e+00
   5.2777913285646445e+00
   5.2866646666040218e+00
   5.2102547762553577e+00
   5.1793396789714370e+00
   5.2471505455054395e+00
   5.3350868915220202e+00
   5.1556823286789362e+00
   5.4196998426436274e+00
   5.2889682602904919e+00
   5.3597409536877674e+00
   5.2921141762986528e+00
   5.1185362166389465e+00
   5.1774187709436230e+00
   5.2598011790380790e+00
   5.2302570680008627e+00
   5.1869506781548731e+00
   5.0861299658510752e+00
   5.2293356934512509e+00
   5.2550656922955694e+00
   5.1832431644419845e+00
   5.1423209507729508e+00
   5.1977102894717486e+00
   5.2374419106291112e+00
   5.1210421936701502e+00
   5.1734596291201731e+00
   5.1641767791193418e+00
   5.2175654315799713e+00
   5.1566942855436801e+00
   5.1915876034839936e+00
   5.0495748838365762e+00
   5.1267445640130695e+00
   5.0758962797113281e+00
   5.1482138808154785e+00
   5.2015650474396873e+00
   5.1489136311400721e+00
   5.1240605657725204e+00
   5.1328914352403023e+00
   5.1792646174454919e+00
   5.1916933877137295e+00
   5.3124600197955605e+00
   5.3410927290599037e+00
   5.2272897344256490e+00
   5.2452799050027217e+00
   5.2032812123747716e+00
   5.2913237740173686e+00
   5.2653787892763537e+00
   5.1620066399799569e+00
   5.2284531195897399e+00
   5.2550097130540925e+00
   5.2244584758999597e+00
   5.2792322295443590e+00
   5.2835499725406976e+00
   5.1605451297183613e+00
   5.2754360846641415e+00
   5.1276199293223712e+00
   5.1398598489537513e+00
   5.2710575840069893e+00
   5.2645188192366117e+00
   5.1864984384256152e+00
   5.1537867357189882e+00
   5.1606142161022071e+00
   5.2166702695104732e+00
   5.4000810741079883e+00
   5.3553756558950054e+00
   5.2195979950251932e+00
   5.2759024690979182e+00
   5.2584076934300796e+00
   5.2987215033010173e+00
   5.1590784906788461e+00
   5.2081842327740659e+00
   5.3435193570580806e+00
   5.2741725919862965e+00
   5.3381236754377417e+00
   5.3588571147626087e+00
   5.3879068050913244e+00
   5.4096269391147640e+00
   5.5066024612345679e+00
   5.4128811414572287e+00
   5.4185490643948064e+00
   5.5068068034504272e+00
   5.3812395769639325e+00
   5.4592165176675618e+00
   5.3211308774006287e+00
   5.4177559701160609e+00
   5.4733894075631930e+00
   5.5362432421985890e+00
   5.5509564489636558e+00
   5.7432955333874771e+00
   5.6820194550944052e+00
   5.9246712257364065e+00
   5.8587628581926232e+00
   5.9019058386946108e+00
   5.8244005735370887e+00
   5.7922353417450392e+00
   6.0725528569522673e+00
   6.0083390732903448e+00
   5.5462518335972764e+00
   5.4702757642690560e+00
   5.6231609629155903e+00
   5.4280243199639724e+00
   5.3214982423573103e+00
   5.4036862443513511e+00
   5.3673997711736252e+00
   5.2792053359399862e+00
   5.2390611757413081e+00
   5.2291756831864449e+00
   5.3429032581674392e+00
   5.2084433344640253e+00
   5.3200266540408343e+00
   5.3650950113863720e+00
   5.4174525984595130e+00
   5.4423007133072430e+00
   5.1817393565950054e+00
   5.2311586895420987e+00
   5.2615825247871495e+00
   5.1675932361414922e+00
   5.1944792531296935e+00
   5.1771769575959432e+00
   5.2143914275691747e+00
   5.2287638260081533e+00
   5.2496277179402702e+00
   5.3335550431728391e+00
   5.3141314911963526e+00
   5.3961132653259707e+00
   5.4239022421655854e+00
   5.3006946532520711e+00
   5.3652098997072741e+00
   5.4608995140152636e+00
   5.4982815118142101e+00
   5.1857696959163970e+00
   5.2252581990115345e+00
   5.4157590240605291e+00
   5.3289420631790083e+00
   5.3419665226678603e+00
   5.3337087993212888e+00
   5.3438770471995749e+00
   5.3587410184693631e+00
   5.3695242669329399e+00
   5.2208613740688925e+00
   5.1969864789074727e+00
   5.1881650444108001e+00
   5.1026576961227814e+00
   5.1719094966905210e+00
   5.2196480132037983e+00
   5.1475901532136046e+00
   5.3598805203339523e+00
   5.3327741997068800e+00
