   3.5284035626998680e+01
   3.3383088307059118e+01
   3.3383088307059118e+01
   3.2118086982925739e+01
   3.2118086982925739e+01
   3.1663667467773088e+01
   3.1608112033705442e+01
   3.1608112033705442e+01
   2.9887837849445582e+01
   2.9887837849445582e+01
   2.9763294443782151e+01
   2.8966247461871173e+01
   2.7542010084589158e+01
   2.7542010084589158e+01
   2.6428035381211512e+01
   2.6428035381211512e+01
   2.6428035381211512e+01
   2.6428035381211512e+01
   2.6428035381211512e+01
   2.6360675361643374e+01
   2.5071570416383057e+01
   2.5071570416383057e+01
   2.5071570416383057e+01
   2.4814200283065802e+01
   2.4426254903636764e+01
   2.3340295598570435e+01
   2.3340295598570435e+01
   2.2915120547767099e+01
   2.2407212215567210e+01
   2.2407212215567210e+01
   2.2072132372545379e+01
   2.2072132372545379e+01
   2.1734787262795120e+01
   2.1734787262795120e+01
   2.1734787262795120e+01
   2.1734787262795120e+01
   2.1734787262795120e+01
   2.0517565578077971e+01
   2.0517565578077971e+01
   2.0512829777703153e+01
   2.0512829777703153e+01
   2.0512829777703153e+01
   1.8483058924777716e+01
   1.8483058924777716e+01
   1.7976868560444515e+01
   1.7976868560444515e+01
   1.7976868560444515e+01
   1.7976868560444515e+01
   1.7976868560444515e+01
   1.7927195575617429e+01
   1.7927195575617429e+01
   1.7927195575617429e+01
   1.7927195575617429e+01
   1.7812528625444287e+01
   1.7812528625444287e+01
   1.7812528625444287e+01
   1.7812528625444287e+01
   1.7762855640617197e+01
   1.7438966794280592e+01
   1.7438966794280592e+01
   1.7438966794280592e+01
   1.7438966794280592e+01
   1.7173213767793886e+01
   1.7173213767793886e+01
   1.6911233306213639e+01
   1.6911233306213639e+01
   1.6272269401292114e+01
   1.6272269401292114e+01
   1.6272269401292114e+01
   1.6272269401292114e+01
   1.6272269401292114e+01
   1.6272269401292114e+01
   1.5928944452781117e+01
   1.5928944452781117e+01
   1.5928944452781117e+01
   1.5915869507295302e+01
   1.5568940994652968e+01
   1.5568940994652968e+01
   1.5568940994652968e+01
   1.5568940994652968e+01
   1.5568940994652968e+01
   1.5003294204494159e+01
   1.5003294204494159e+01
   1.4964908244680615e+01
   1.4964908244680615e+01
   1.4844937497111507e+01
   1.4844937497111507e+01
   1.4844937497111507e+01
   1.4129992621439188e+01
   1.4129992621439188e+01
   1.4129992621439188e+01
   1.3786667672928191e+01
   1.3786667672928191e+01
   1.3160041989512530e+01
   1.3160041989512530e+01
   1.3160041989512530e+01
   1.3160041989512530e+01
   1.3128516483501082e+01
   1.3128516483501082e+01
   1.3128516483501082e+01
   1.3128516483501082e+01
   1.3128516483501082e+01
   1.3128516483501082e+01
   1.3128516483501082e+01
   1.3128516483501082e+01
   1.3128516483501082e+01
   1.3128516483501082e+01
   1.3128516483501082e+01
   1.3128516483501082e+01
   1.3128516483501082e+01
   1.3128516483501082e+01
   1.3128516483501082e+01
   1.2864266526343945e+01
   1.2864266526343945e+01
   1.2767928815168416e+01
   1.2767928815168416e+01
   1.2767928815168416e+01
   1.2767928815168416e+01
   1.2767928815168416e+01
   1.2767928815168416e+01
   1.2767928815168416e+01
   1.2753413578501171e+01
   1.2753413578501171e+01
   1.2753413578501171e+01
   1.2753413578501171e+01
   1.2753413578501171e+01
   1.2753413578501171e+01
   1.2713197214741834e+01
   1.2585432367221612e+01
   1.2585432367221612e+01
   1.2585432367221612e+01
   1.2585432367221612e+01
   1.2517445332387908e+01
   1.2517445332387908e+01
   1.2517445332387908e+01
   1.2517445332387908e+01
   1.2517445332387908e+01
   1.2517445332387908e+01
   1.2517445332387908e+01
   1.1837368368438019e+01
   1.1837368368438019e+01
   1.1837368368438019e+01
   1.1837368368438019e+01
   1.1837368368438019e+01
   1.1831336021317613e+01
   1.1831336021317613e+01
   1.1831336021317613e+01
   1.1831336021317613e+01
   1.1500495886739968e+01
   1.1500495886739968e+01
   1.1500495886739968e+01
   1.1500495886739968e+01
   1.1500495886739968e+01
   1.1482921551749518e+01
   1.1475637573741396e+01
   1.1475637573741396e+01
   1.1475637573741396e+01
   1.1450154734889958e+01
   1.1450154734889958e+01
   1.0606265482475743e+01
   1.0606265482475743e+01
   1.0600233135355341e+01
   1.0589946772945190e+01
   1.0589946772945190e+01
   9.9795296851332704e+00
   9.9788627343192324e+00
   9.9245323901343916e+00
   9.9245323901343916e+00
   9.9245323901343916e+00
   9.9245323901343916e+00
   9.6576361368477421e+00
   9.6033057926628995e+00
   9.6033057926628995e+00
   9.3990026990680544e+00
   9.3446723548832118e+00
   9.3446723548832118e+00
   9.3446723548832118e+00
   9.3446723548832118e+00
   9.2636375176407260e+00
   9.2093071734558833e+00
   9.2093071734558833e+00
   8.4115350539049771e+00
   8.4115350539049771e+00
   8.4115350539049771e+00
   8.4115350539049771e+00
   8.4115350539049771e+00
   8.4115350539049771e+00
   8.4115350539049771e+00
   8.4115350539049771e+00
   8.4115350539049771e+00
   8.4115350539049771e+00
   8.4115350539049771e+00
   8.4115350539049771e+00
   8.4115350539049771e+00
   8.4115350539049771e+00
   8.4115350539049771e+00
   8.4115350539049771e+00
   8.4115350539049771e+00
   8.4115350539049771e+00
   8.4115350539049771e+00
   8.4115350539049771e+00
   8.4115350539049771e+00
   8.4115350539049771e+00
   8.4115350539049771e+00
   8.4115350539049771e+00
   8.4115350539049771e+00
   8.4115350539049771e+00
   8.4115350539049771e+00
   8.4115350539049771e+00
   8.4115350539049771e+00
   8.4115350539049771e+00
   8.4115350539049771e+00
   8.4115350539049771e+00
   8.4115350539049771e+00
   8.4115350539049771e+00
   8.4115350539049771e+00
   8.4115350539049771e+00
   8.4115350539049771e+00
   8.4115350539049771e+00
   8.4115350539049771e+00
   8.2063064710238844e+00
   8.2063064710238844e+00
   8.2063064710238844e+00
   7.9377136851328727e+00
   7.9377136851328727e+00
   7.9377136851328727e+00
   7.9377136851328727e+00
   7.9377136851328727e+00
   7.9377136851328727e+00
   7.8023485037055442e+00
   7.8023485037055442e+00
   7.8023485037055442e+00
   7.8023485037055442e+00
   7.8023485037055442e+00
   6.8509990984249463e+00
   6.8509990984249463e+00
   6.8509990984249463e+00
   6.8509990984249463e+00
   6.8509990984249463e+00
   6.8509990984249463e+00
   6.8509990984249463e+00
   6.8509990984249463e+00
   6.8509990984249463e+00
   6.8509990984249463e+00
   6.8509990984249463e+00
   6.8509990984249463e+00
   6.8509990984249463e+00
   6.8509990984249463e+00
   6.8509990984249463e+00
   6.8509990984249463e+00
   6.8509990984249463e+00
   6.8509990984249463e+00
   6.8509990984249463e+00
   6.8509990984249463e+00
   6.8509990984249463e+00
   6.8509990984249463e+00
   6.8509990984249463e+00
   6.8509990984249463e+00
   6.8509990984249463e+00
   6.8509990984249463e+00
   6.8509990984249463e+00
   6.8509990984249463e+00
   6.8509990984249463e+00
   6.8509990984249463e+00
   6.7957611916144636e+00
   6.7957611916144636e+00
   6.7957611916144636e+00
   6.7957611916144636e+00
   6.7957611916144636e+00
   6.7957611916144636e+00
   6.7957611916144636e+00
   6.7957611916144636e+00
   6.7957611916144636e+00
   6.7957611916144636e+00
   6.7957611916144636e+00
   6.7664607386399833e+00
   6.7664607386399833e+00
   6.7664607386399833e+00
   6.7664607386399833e+00
   6.7664607386399833e+00
   6.7507985052230115e+00
   6.7507985052230115e+00
   6.7507985052230115e+00
   6.7507985052230115e+00
   6.7507985052230115e+00
   6.7507985052230115e+00
   6.7507985052230115e+00
   6.7507985052230115e+00
   6.7507985052230115e+00
   6.7507985052230115e+00
   6.7507985052230115e+00
   6.7507985052230115e+00
   6.7507985052230115e+00
   6.7507985052230115e+00
   6.7507985052230115e+00
   6.7507985052230115e+00
   6.7507985052230115e+00
   6.7507985052230115e+00
   6.7507985052230115e+00
   6.7507985052230115e+00
   6.7507985052230115e+00
   6.7507985052230115e+00
   6.7507985052230115e+00
   6.7507985052230115e+00
   6.7507985052230115e+00
   6.7507985052230115e+00
   6.7507985052230115e+00
   6.7507985052230115e+00
   6.7507985052230115e+00
   6.7507985052230115e+00
   6.7507985052230115e+00
   6.7507985052230115e+00
   6.7507985052230115e+00
   6.7507985052230115e+00
   6.7507985052230115e+00
   6.7507985052230115e+00
   6.7507985052230115e+00
   6.7507985052230115e+00
   6.7507985052230115e+00
   6.7507985052230115e+00
   6.7507985052230115e+00
   6.7507985052230115e+00
   6.7507985052230115e+00
   6.7507985052230115e+00
   6.7507985052230115e+00
   6.7507985052230115e+00
   6.7507985052230115e+00
   6.7507985052230115e+00
   6.7507985052230115e+00
   6.7507985052230115e+00
   6.7507985052230115e+00
   6.7507985052230115e+00
   6.7507985052230115e+00
   6.7507985052230115e+00
   6.7507985052230115e+00
   6.7507985052230115e+00
   6.7507985052230115e+00
   6.7507985052230115e+00
   6.7507985052230115e+00
   6.7507985052230115e+00
   6.7507985052230115e+00
   6.7507985052230115e+00
   6.7507985052230115e+00
   6.7507985052230115e+00
   6.7507985052230115e+00
   6.7507985052230115e+00
   6.7507985052230115e+00
   6.7507985052230115e+00
   6.7507985052230115e+00
   6.7507985052230115e+00
   6.7507985052230115e+00
   6.7507985052230115e+00
   6.7507985052230115e+00
   6.7507985052230115e+00
   6.7507985052230115e+00
   6.7507985052230115e+00
   6.7507985052230115e+00
   6.7507985052230115e+00
   6.7507985052230115e+00
   6.7507985052230115e+00
   6.7507985052230115e+00
   6.7507985052230115e+00
   6.7507985052230115e+00
   6.7507985052230115e+00
   6.7507985052230115e+00
   6.7507985052230115e+00
   6.7507985052230115e+00
   6.7507985052230115e+00
   6.7507985052230115e+00
   6.7507985052230115e+00
   6.7507985052230115e+00
   6.7507985052230115e+00
   6.7507985052230115e+00
   6.7507985052230115e+00
   6.7507985052230115e+00
   6.7507985052230115e+00
   6.7507985052230115e+00
   6.5493192151669826e+00
   6.5493192151669826e+00
   6.5493192151669826e+00
   6.5493192151669826e+00
   6.5493192151669826e+00
   6.5493192151669826e+00
   6.5493192151669826e+00
   6.5493192151669826e+00
   6.5493192151669826e+00
   6.5493192151669826e+00
   6.5493192151669826e+00
   6.5493192151669826e+00
   6.5493192151669826e+00
   6.5493192151669826e+00
   6.5493192151669826e+00
   6.5493192151669826e+00
   6.5493192151669826e+00
   6.5493192151669826e+00
   6.5493192151669826e+00
   6.5493192151669826e+00
   6.5493192151669826e+00
   6.5493192151669826e+00
   6.5493192151669826e+00
   6.5493192151669826e+00
   6.5493192151669826e+00
   6.5493192151669826e+00
   6.5493192151669826e+00
   6.5493192151669826e+00
   6.5493192151669826e+00
   6.5493192151669826e+00
   6.5493192151669826e+00
   6.5493192151669826e+00
   6.5493192151669826e+00
   6.5493192151669826e+00
   6.5493192151669826e+00
   6.5493192151669826e+00
   6.5493192151669826e+00
   6.5493192151669826e+00
   6.5493192151669826e+00
   6.5493192151669826e+00
   6.5493192151669826e+00
   6.5493192151669826e+00
   6.5493192151669826e+00
   6.5493192151669826e+00
   6.5493192151669826e+00
   6.5493192151669826e+00
   6.5493192151669826e+00
   6.5493192151669826e+00
   6.5493192151669826e+00
   6.5493192151669826e+00
   6.5493192151669826e+00
   6.5493192151669826e+00
   6.5493192151669826e+00
   6.5493192151669826e+00
   6.5493192151669826e+00
   6.5493192151669826e+00
   6.2443654500649073e+00
   6.2443654500649073e+00
   6.2443654500649073e+00
   6.2443654500649073e+00
   6.2443654500649073e+00
   6.2443654500649073e+00
   6.2443654500649073e+00
   6.2443654500649073e+00
   6.2443654500649073e+00
   6.2443654500649073e+00
   6.2443654500649073e+00
   6.2443654500649073e+00
   6.2443654500649073e+00
   6.2443654500649073e+00
   6.2443654500649073e+00
   6.2443654500649073e+00
   6.2443654500649073e+00
   6.2443654500649073e+00
   6.2443654500649073e+00
   6.2443654500649073e+00
   6.2443654500649073e+00
   6.2443654500649073e+00
   6.2443654500649073e+00
   6.2443654500649073e+00
   6.2443654500649073e+00
   6.2443654500649073e+00
   6.2443654500649073e+00
   6.2443654500649073e+00
   6.2443654500649073e+00
   6.2443654500649073e+00
   6.2443654500649073e+00
   6.2443654500649073e+00
   6.2443654500649073e+00
   6.2443654500649073e+00
   6.2443654500649073e+00
   6.2443654500649073e+00
   6.2443654500649073e+00
   6.2443654500649064e+00
   6.2443654500649064e+00
   6.2443654500649064e+00
   6.2443654500649064e+00
   6.2443654500649064e+00
   6.2443654500649064e+00
   6.2443654500649064e+00
   6.2443654500649064e+00
   6.2443654500649064e+00
   6.2443654500649064e+00
   6.2443654500649064e+00
   6.2443654500649064e+00
   6.2443654500649064e+00
   6.2443654500649064e+00
   6.2443654500649064e+00
   6.2443654500649064e+00
   6.2443654500649064e+00
   6.2443654500649064e+00
   6.2443654500649064e+00
   6.2443654500649064e+00
   6.2443654500649064e+00
   6.2443654500649064e+00
   6.2443654500649064e+00
   6.2443654500649064e+00
   6.2443654500649064e+00
   6.2443654500649064e+00
   6.2443654500649064e+00
   6.2443654500649064e+00
   6.2443654500649064e+00
   6.2443654500649064e+00
