   1.4733653817553900e+01
   1.4719516776281676e+01
   1.4631470937497886e+01
   1.3632769676283321e+01
   1.3632769676283321e+01
   1.3632769676283321e+01
   1.3632769676283321e+01
   1.3632769676283321e+01
   1.3632769676283321e+01
   1.3632769676283321e+01
   1.3632769676283321e+01
   1.3182889513398669e+01
   1.3182889513398669e+01
   1.2785820636433240e+01
   1.2785820636433240e+01
   1.2599472519456667e+01
   1.2544800292382460e+01
   1.2544800292382460e+01
   1.2422975901902110e+01
   1.2227672747353035e+01
   1.2161359114074580e+01
   1.2034964539431753e+01
   1.2034964539431753e+01
   1.1919116760698724e+01
   1.1872759734821630e+01
   1.1872759734821630e+01
   1.1692614639616497e+01
   1.1646652109349910e+01
   1.1580590504182602e+01
   1.1435460544652360e+01
   1.1435460544652360e+01
   1.1177907634891827e+01
   1.0515711166064806e+01
   1.0515711166064806e+01
   1.0515711166064806e+01
   1.0452379511000156e+01
   1.0452379511000156e+01
   9.9836350365420721e+00
   9.9836350365420721e+00
   9.7041586256572661e+00
   9.5304378966380732e+00
   9.5304378966380732e+00
   9.5304378966380732e+00
   9.5304378966380732e+00
   9.5304378966380732e+00
   9.5304378966380732e+00
   9.5304378966380732e+00
   9.5304378966380732e+00
   9.4121687244038785e+00
   9.4121687244038785e+00
   9.4121687244038785e+00
   9.4121687244038785e+00
   9.3849506420791649e+00
   9.3849506420791649e+00
   9.3037040787108172e+00
   9.1239918338932000e+00
   9.1239918338932000e+00
   9.1239918338932000e+00
   9.1239918338932000e+00
   9.0113962249968083e+00
   8.7636945023167758e+00
   8.7636945023167758e+00
   8.7636945023167758e+00
   8.7636945023167758e+00
   8.7636945023167758e+00
   8.7438979816667963e+00
   8.5588843000780432e+00
   8.5588843000780432e+00
   8.4256960145151840e+00
   8.4256960145151840e+00
   8.2806753005388227e+00
   8.2806753005388227e+00
   8.2499615757964193e+00
   8.1128086786914722e+00
   8.0340131352000181e+00
   8.0340131352000181e+00
   7.8865336988675407e+00
   7.8865336988675407e+00
   7.8865336988675407e+00
   7.8865336988675407e+00
   7.7564252224463708e+00
   7.7564252224463708e+00
   7.7564252224463708e+00
   7.5376155206327642e+00
   7.4895084863515491e+00
   7.4895084863515491e+00
   7.4895084863515491e+00
   7.4895084863515491e+00
   7.4846849321503806e+00
   7.4846849321503806e+00
   7.4846849321503806e+00
   7.4747294424048558e+00
   7.3747334356971361e+00
   7.3747334356971361e+00
   7.2157214003373378e+00
   7.2157214003373378e+00
   7.2157214003373378e+00
   7.2157214003373378e+00
   7.2157214003373378e+00
   7.0227812071851554e+00
   7.0227812071851554e+00
   7.0227812071851554e+00
   7.0227812071851554e+00
   6.5417305839464630e+00
   6.5417305839464630e+00
   6.5417305839464630e+00
   6.5417305839464630e+00
   6.4443679818409461e+00
   6.4443679818409461e+00
   6.2048059582826900e+00
   6.1474746390290207e+00
   5.6303548159861716e+00
   5.6303548159861716e+00
   5.6303548159861716e+00
   5.6303548159861716e+00
   5.5674687377582623e+00
   5.3944067229394665e+00
   5.3944067229394665e+00
   5.3944067229394665e+00
   5.3944067229394665e+00
   5.3035194301864896e+00
   5.2516355766780674e+00
   5.2516355766780674e+00
   5.2119842743098950e+00
   5.2119842743098950e+00
   5.2119842743098950e+00
   5.2119842743098950e+00
   5.1601004208014718e+00
   5.1601004208014718e+00
   5.0941103471364686e+00
   5.0941103471364686e+00
   5.0941103471364686e+00
   5.0941103471364686e+00
   5.0941103471364686e+00
   5.0941103471364686e+00
   5.0941103471364686e+00
   5.0941103471364686e+00
   5.0941103471364686e+00
   5.0941103471364686e+00
   5.0941103471364686e+00
   5.0941103471364686e+00
   5.0941103471364686e+00
   5.0699650406299606e+00
   5.0699650406299606e+00
   5.0699650406299606e+00
   5.0699650406299606e+00
   5.0699650406299606e+00
   5.0699650406299606e+00
   5.0699650406299606e+00
   5.0699650406299606e+00
   5.0699650406299606e+00
   5.0699650406299606e+00
   5.0699650406299606e+00
   5.0699650406299606e+00
   5.0699650406299606e+00
   5.0697719856239241e+00
   5.0697719856239241e+00
   5.0697719856239241e+00
   5.0697719856239241e+00
   5.0697719856239241e+00
   5.0697719856239241e+00
   5.0697719856239241e+00
   5.0697719856239241e+00
   5.0493768380573076e+00
   5.0493768380573076e+00
   5.0493768380573076e+00
   5.0493768380573076e+00
   5.0493768380573076e+00
   5.0493768380573076e+00
   5.0493768380573076e+00
   5.0493768380573076e+00
   5.0493768380573076e+00
   5.0493768380573076e+00
   5.0493768380573076e+00
   5.0493768380573076e+00
   5.0493768380573076e+00
   5.0493768380573076e+00
   5.0493768380573076e+00
   5.0493768380573076e+00
   5.0493768380573076e+00
   5.0493768380573076e+00
   5.0493768380573076e+00
   5.0493768380573076e+00
   5.0493768380573076e+00
   5.0493768380573076e+00
   5.0493768380573076e+00
   5.0493768380573076e+00
   5.0493768380573076e+00
   5.0493768380573076e+00
   5.0493768380573076e+00
   5.0493768380573076e+00
   5.0493768380573076e+00
   5.0493768380573076e+00
   5.0493768380573076e+00
   5.0493768380573076e+00
   5.0493768380573076e+00
   5.0493768380573076e+00
   5.0493768380573076e+00
   5.0493768380573076e+00
   5.0493768380573076e+00
   5.0493768380573076e+00
   5.0493768380573076e+00
   5.0493768380573076e+00
   5.0493768380573076e+00
   5.0493768380573076e+00
   5.0493768380573076e+00
   5.0493768380573076e+00
   5.0493768380573076e+00
   5.0493768380573076e+00
   5.0493768380573076e+00
   5.0493768380573076e+00
   5.0493768380573076e+00
   5.0493768380573076e+00
   5.0493768380573076e+00
   5.0493768380573076e+00
   5.0493768380573076e+00
   5.0493768380573076e+00
   5.0493768380573076e+00
   5.0493768380573076e+00
   5.0493768380573076e+00
   5.0493768380573076e+00
   5.0493768380573076e+00
   5.0493768380573076e+00
   5.0493768380573076e+00
   5.0493768380573076e+00
   5.0493768380573076e+00
   5.0493768380573076e+00
   5.0493768380573076e+00
   5.0493768380573076e+00
   5.0493768380573076e+00
   5.0493768380573076e+00
   5.0493768380573076e+00
   5.0493768380573076e+00
   5.0493768380573076e+00
   5.0493768380573076e+00
   5.0493768380573076e+00
   5.0493768380573076e+00
   5.0493768380573076e+00
   5.0493768380573076e+00
   5.0493768380573076e+00
   5.0493768380573076e+00
   5.0493768380573076e+00
   5.0493768380573076e+00
   5.0493768380573076e+00
   5.0493768380573076e+00
   5.0493768380573076e+00
   5.0493768380573076e+00
   5.0493768380573076e+00
   5.0493768380573076e+00
   5.0493768380573076e+00
   5.0493768380573076e+00
   5.0493768380573076e+00
   5.0493768380573076e+00
   5.0493768380573076e+00
   5.0493768380573076e+00
   5.0493768380573076e+00
   5.0493768380573076e+00
   5.0493768380573076e+00
   5.0493768380573076e+00
   5.0493768380573076e+00
   5.0493768380573076e+00
   5.0493768380573076e+00
   5.0493768380573076e+00
   5.0493768380573076e+00
   5.0493768380573076e+00
   5.0493768380573076e+00
   5.0493768380573076e+00
   5.0493768380573076e+00
   5.0493768380573076e+00
   5.0493768380573076e+00
   5.0493768380573076e+00
   5.0493768380573076e+00
   5.0493768380573076e+00
   5.0493768380573076e+00
   5.0493768380573076e+00
   5.0493768380573076e+00
   5.0493768380573076e+00
   5.0493768380573076e+00
   5.0493768380573076e+00
   5.0493768380573076e+00
   5.0493768380573076e+00
   5.0493768380573076e+00
   5.0493768380573076e+00
   5.0493768380573076e+00
   5.0493768380573076e+00
   5.0493768380573076e+00
   5.0493768380573076e+00
   5.0493768380573076e+00
   5.0493768380573076e+00
   5.0493768380573076e+00
   5.0493768380573076e+00
   5.0493768380573076e+00
   5.0493768380573076e+00
   5.0218647783570232e+00
   5.0218647783570232e+00
   5.0218647783570232e+00
   5.0218647783570232e+00
   5.0218647783570232e+00
   5.0218647783570232e+00
   5.0218647783570232e+00
   5.0218647783570232e+00
   5.0218647783570232e+00
   5.0218647783570232e+00
   5.0218647783570232e+00
   5.0218647783570232e+00
   5.0218647783570232e+00
   5.0218647783570232e+00
   5.0218647783570232e+00
   5.0218647783570232e+00
   5.0218647783570232e+00
   5.0218647783570232e+00
   5.0218647783570232e+00
   5.0218647783570232e+00
   5.0218647783570232e+00
   5.0218647783570232e+00
   5.0218647783570232e+00
   5.0218647783570232e+00
   5.0218647783570232e+00
   5.0218647783570232e+00
   5.0218647783570232e+00
   5.0218647783570232e+00
   5.0218647783570232e+00
   5.0218647783570232e+00
   5.0218647783570232e+00
   5.0218647783570232e+00
   4.9916729273534637e+00
   4.9916729273534637e+00
   4.9916729273534637e+00
   4.9916729273534637e+00
   4.9916729273534637e+00
   4.9916729273534637e+00
   4.9916729273534637e+00
   4.9916729273534637e+00
   4.9572191514676680e+00
   4.9572191514676680e+00
   4.9572191514676680e+00
   4.9572191514676680e+00
   4.9572191514676680e+00
   4.9572191514676680e+00
   4.9572191514676680e+00
   4.9572191514676680e+00
   4.9572191514676680e+00
   4.9572191514676680e+00
   4.9572191514676680e+00
   4.9572191514676680e+00
   4.9572191514676680e+00
   4.9572191514676680e+00
   4.9572191514676680e+00
   4.9572191514676680e+00
   4.9572191514676680e+00
   4.9572191514676680e+00
   4.9572191514676680e+00
   4.9572191514676680e+00
   4.9572191514676680e+00
   4.9572191514676680e+00
   4.9572191514676680e+00
   4.9572191514676680e+00
   4.9572191514676680e+00
   4.9572191514676680e+00
   4.9572191514676680e+00
   4.9572191514676680e+00
   4.9572191514676680e+00
   4.9572191514676680e+00
   4.9572191514676680e+00
   4.9572191514676680e+00
   4.9572191514676680e+00
   4.9572191514676680e+00
   4.9572191514676680e+00
   4.9572191514676680e+00
   4.9572191514676680e+00
   4.9572191514676680e+00
   4.9572191514676680e+00
   4.9572191514676680e+00
   4.9572191514676680e+00
   4.9572191514676680e+00
   4.9572191514676680e+00
   4.9572191514676680e+00
   4.9572191514676680e+00
   4.9572191514676680e+00
   4.9572191514676680e+00
   4.9572191514676680e+00
   4.9572191514676680e+00
   4.9572191514676680e+00
   4.9572191514676680e+00
   4.9572191514676680e+00
   4.9572191514676680e+00
   4.9572191514676680e+00
   4.9572191514676680e+00
   4.9572191514676680e+00
   4.9572191514676680e+00
   4.9572191514676680e+00
   4.9572191514676680e+00
   4.9572191514676680e+00
   4.9572191514676680e+00
   4.9572191514676680e+00
   4.9572191514676680e+00
   4.9572191514676680e+00
   4.9572191514676680e+00
   4.9572191514676662e+00
   4.9572191514676662e+00
   4.9572191514676662e+00
   4.9572191514676662e+00
   4.9572191514676662e+00
   4.9572191514676662e+00
   4.9572191514676662e+00
   4.9572191514676662e+00
   4.9572191514676662e+00
   4.9572191514676662e+00
   4.9572191514676662e+00
   4.9572191514676662e+00
   4.9572191514676662e+00
   4.9572191514676662e+00
   4.9572191514676662e+00
   4.9572191514676662e+00
   4.9572191514676662e+00
   4.9572191514676662e+00
   4.9572191514676662e+00
   4.9572191514676662e+00
   4.9572191514676662e+00
   4.9572191514676662e+00
   4.9572191514676662e+00
   4.9572191514676662e+00
   4.9572191514676662e+00
   4.9572191514676662e+00
   4.9572191514676662e+00
   4.9572191514676662e+00
   4.9572191514676662e+00
   4.9572191514676662e+00
   4.9572191514676662e+00
   4.9572191514676662e+00
   4.9572191514676662e+00
   4.9572191514676662e+00
   4.9572191514676662e+00
   4.9572191514676662e+00
   4.9572191514676662e+00
   4.9572191514676662e+00
   4.9572191514676662e+00
   4.9572191514676662e+00
   4.9572191514676662e+00
   4.9572191514676662e+00
   4.9572191514676662e+00
   4.9572191514676662e+00
   4.9572191514676662e+00
   4.9572191514676662e+00
   4.9572191514676662e+00
   4.9572191514676662e+00
   4.9572191514676662e+00
   4.9572191514676662e+00
   4.9572191514676662e+00
   4.9572191514676662e+00
   4.9572191514676662e+00
   4.9572191514676662e+00
   4.9572191514676662e+00
   4.9572191514676662e+00
   4.9572191514676662e+00
   4.9572191514676662e+00
   4.9572191514676662e+00
   4.9572191514676662e+00
   4.9572191514676662e+00
   4.9572191514676662e+00
   4.9572191514676662e+00
   4.9572191514676662e+00
   4.9572191514676662e+00
   4.9572191514676662e+00
   4.9572191514676662e+00
   4.9572191514676662e+00
   4.9572191514676662e+00
   4.9572191514676662e+00
   4.9572191514676662e+00
   4.9572191514676662e+00
   4.9572191514676662e+00
   4.9572191514676662e+00
   4.9572191514676662e+00
   4.9572191514676662e+00
   4.9572191514676662e+00
   4.9572191514676662e+00
   4.9572191514676662e+00
   4.9572191514676662e+00
   4.9572191514676662e+00
   4.9572191514676662e+00
   4.9572191514676662e+00
   4.9572191514676662e+00
   4.9572191514676662e+00
   4.9572191514676662e+00
   4.9572191514676662e+00
   4.9572191514676662e+00
   4.9572191514676662e+00
   4.9572191514676662e+00
   4.9572191514676662e+00
   4.9572191514676662e+00
   4.9572191514676662e+00
   4.9572191514676662e+00
   4.9572191514676662e+00
   4.9572191514676662e+00
   4.9572191514676662e+00
   4.9572191514676662e+00
   4.9572191514676662e+00
   4.9572191514676662e+00
   4.9572191514676662e+00
   4.9572191514676662e+00
