   0.0000000000000000e+00   1.0530018576253372e+03
   5.0000000000000000e+00   1.0112222417120938e+03
   1.0000000000000000e+01   9.2850778688784612e+02
   1.5000000000000000e+01   8.4482579721756758e+02
   2.0000000000000000e+01   8.0819558658976837e+02
   2.5000000000000000e+01   7.7572563100963350e+02
   3.0000000000000000e+01   7.4956847140897241e+02
   3.5000000000000000e+01   7.2561143945746926e+02
   4.0000000000000000e+01   6.9375594246972003e+02
   4.5000000000000000e+01   6.6179793730399012e+02
   5.0000000000000000e+01   6.4080931063980893e+02
   5.5000000000000000e+01   6.1877300351322992e+02
   6.0000000000000000e+01   6.1224165692704651e+02
   6.5000000000000000e+01   5.8137416947840711e+02
   7.0000000000000000e+01   5.7187614325483150e+02
   7.5000000000000000e+01   5.6463192578587893e+02
   8.0000000000000000e+01   5.5058814642393691e+02
   8.5000000000000000e+01   5.4330545887151868e+02
   9.0000000000000000e+01   5.3265091278956004e+02
   9.5000000000000000e+01   5.0905802368009154e+02
   1.0000000000000000e+02   5.0287656398340158e+02
   1.0500000000000000e+02   5.0440694086177081e+02
   1.1000000000000000e+02   4.9383522765148888e+02
   1.1500000000000000e+02   4.7267475059951016e+02
   1.2000000000000000e+02   4.6956619324319956e+02
   1.2500000000000000e+02   4.5273815934222250e+02
   1.3000000000000000e+02   4.4035192280739562e+02
   1.3500000000000000e+02   4.4092690523132956e+02
   1.4000000000000000e+02   4.3435708334694613e+02
   1.4500000000000000e+02   4.3408279671939306e+02
   1.5000000000000000e+02   4.3371833121254082e+02
   1.5500000000000000e+02   4.2270407287789681e+02
   1.6000000000000000e+02   4.0991623701335328e+02
   1.6500000000000000e+02   4.0611048725880670e+02
   1.7000000000000000e+02   3.8815748437180980e+02
   1.7500000000000000e+02   3.8834673468483953e+02
   1.8000000000000000e+02   3.8663489977411086e+02
   1.8500000000000000e+02   3.8191622623455874e+02
   1.9000000000000000e+02   3.8018325098662706e+02
   1.9500000000000000e+02   3.6810060106796914e+02
   2.0000000000000000e+02   3.7040247136964939e+02
   2.0500000000000000e+02   3.6323519758115197e+02
   2.1000000000000000e+02   3.6217383153003902e+02
   2.1500000000000000e+02   3.5653337630947539e+02
   2.2000000000000000e+02   3.5217774611892111e+02
   2.2500000000000000e+02   3.4385586313515637e+02
   2.3000000000000000e+02   3.4767466923894119e+02
   2.3500000000000000e+02   3.5139921879451782e+02
   2.4000000000000000e+02   3.6396844332735270e+02
   2.4500000000000000e+02   3.6030324047385994e+02
   2.5000000000000000e+02   3.5718958582348682e+02
   2.5500000000000000e+02   3.6186982213021923e+02
   2.6000000000000000e+02   3.4696369657380660e+02
   2.6500000000000000e+02   3.6580992359845789e+02
   2.7000000000000000e+02   3.5520503137128867e+02
   2.7500000000000000e+02   3.5278378523083751e+02
   2.8000000000000000e+02   3.4375099854381716e+02
   2.8500000000000000e+02   3.5171773743712652e+02
   2.9000000000000000e+02   3.5287908795753270e+02
   2.9500000000000000e+02   3.4149932794686305e+02
   3.0000000000000000e+02   3.3696362777036302e+02
   3.0500000000000000e+02   3.3554985299341780e+02
   3.1000000000000000e+02   3.4010682362953929e+02
   3.1500000000000000e+02   3.3818459609192780e+02
   3.2000000000000000e+02   3.4203120816178904e+02
   3.2500000000000000e+02   3.4255801600034590e+02
   3.3000000000000000e+02   3.4277363791871920e+02
   3.3500000000000000e+02   3.4461586599218282e+02
   3.4000000000000000e+02   3.4368748126173006e+02
   3.4500000000000000e+02   3.3713671411753040e+02
   3.5000000000000000e+02   3.4241250975317593e+02
   3.5500000000000000e+02   3.4386684978051500e+02
   3.6000000000000000e+02   3.3864515344168768e+02
   3.6500000000000000e+02   3.3809558329760085e+02
   3.7000000000000000e+02   3.3242452107817797e+02
   3.7500000000000000e+02   3.2649147328261637e+02
   3.8000000000000000e+02   3.1944115302690170e+02
   3.8500000000000000e+02   3.1998206584250943e+02
   3.9000000000000000e+02   3.2475158620693372e+02
   3.9500000000000000e+02   3.2862634590817265e+02
   4.0000000000000000e+02   3.0913168323180702e+02
   4.0500000000000000e+02   3.0961169455687644e+02
   4.1000000000000000e+02   3.2322699926768962e+02
   4.1500000000000000e+02   3.3420655856716536e+02
   4.2000000000000000e+02   3.2042657731506893e+02
   4.2500000000000000e+02   3.1345060803528071e+02
   4.3000000000000000e+02   3.2069353459736914e+02
   4.3500000000000000e+02   3.0877723118276617e+02
   4.4000000000000000e+02   3.0818072437726272e+02
   4.4500000000000000e+02   3.1437920713710201e+02
   4.5000000000000000e+02   3.0506715700012882e+02
   4.5500000000000000e+02   3.0561582646408789e+02
   4.6000000000000000e+02   3.0520716477706605e+02
   4.6500000000000000e+02   3.0175905587076733e+02
   4.7000000000000000e+02   3.0690079555220967e+02
   4.7500000000000000e+02   3.1017160111891212e+02
   4.8000000000000000e+02   3.0832500175366209e+02
   4.8500000000000000e+02   3.0509884434435139e+02
   4.9000000000000000e+02   3.1081678428165583e+02
   4.9500000000000000e+02   3.0199752217170754e+02
   5.0000000000000000e+02   3.0916483664136877e+02
   5.0500000000000000e+02   3.0710228746924065e+02
   5.1000000000000000e+02   2.9608392644805730e+02
   5.1500000000000000e+02   3.0608645255935573e+02
   5.2000000000000000e+02   3.0256286665446038e+02
   5.2500000000000000e+02   3.0625853748886107e+02
   5.3000000000000000e+02   3.0211468079120203e+02
   5.3500000000000000e+02   3.1015433290128311e+02
   5.4000000000000000e+02   3.0813620917117339e+02
   5.4500000000000000e+02   2.9891056455980043e+02
   5.5000000000000000e+02   3.0232724116254178e+02
   5.5500000000000000e+02   2.9645905963314010e+02
   5.6000000000000000e+02   3.0067691760164070e+02
   5.6500000000000000e+02   2.9987775476851260e+02
   5.7000000000000000e+02   2.9821464305780438e+02
   5.7500000000000000e+02   2.9549982227112491e+02
   5.8000000000000000e+02   2.9683708475098177e+02
   5.8500000000000000e+02   3.0196867116984043e+02
   5.9000000000000000e+02   2.9204285564083972e+02
   5.9500000000000000e+02   2.9645944973734623e+02
   6.0000000000000000e+02   2.9397011714355205e+02
   6.0500000000000000e+02   2.9616255163112135e+02
   6.1000000000000000e+02   2.9966581232668386e+02
   6.1500000000000000e+02   3.0077472381021818e+02
   6.2000000000000000e+02   2.8894740234749372e+02
   6.2500000000000000e+02   2.9914790865183477e+02
   6.3000000000000000e+02   3.0878930801460547e+02
   6.3500000000000000e+02   3.0816209196669314e+02
   6.4000000000000000e+02   3.1420300657268558e+02
   6.4500000000000000e+02   3.1417843107113350e+02
   6.5000000000000000e+02   3.0902310478741100e+02
   6.5500000000000000e+02   3.0542423844250851e+02
   6.6000000000000000e+02   3.0340077317097206e+02
   6.6500000000000000e+02   3.0928346184873703e+02
   6.7000000000000000e+02   2.9322969708197991e+02
   6.7500000000000000e+02   2.9953372227717307e+02
   6.8000000000000000e+02   2.9990599596712508e+02
   6.8500000000000000e+02   2.9678380910993423e+02
   6.9000000000000000e+02   2.9524398302876671e+02
   6.9500000000000000e+02   2.9473548071184683e+02
   7.0000000000000000e+02   3.0319183076554765e+02
   7.0500000000000000e+02   2.9962321999548607e+02
   7.1000000000000000e+02   2.9603165203648183e+02
   7.1500000000000000e+02   3.0407995490168423e+02
   7.2000000000000000e+02   3.0602874340332977e+02
   7.2500000000000000e+02   3.0992376745674682e+02
   7.3000000000000000e+02   3.1071585778437361e+02
   7.3500000000000000e+02   2.9847794582117206e+02
   7.4000000000000000e+02   2.9721890435803272e+02
   7.4500000000000000e+02   2.8462484144094151e+02
   7.5000000000000000e+02   2.9392092994090285e+02
   7.5500000000000000e+02   2.9470084657687966e+02
   7.6000000000000000e+02   2.9305178532021768e+02
   7.6500000000000000e+02   2.9210498796610318e+02
   7.7000000000000000e+02   2.8849708842612733e+02
   7.7500000000000000e+02   2.8814613633484817e+02
   7.8000000000000000e+02   2.9181353316516089e+02
   7.8500000000000000e+02   2.8914297796675402e+02
   7.9000000000000000e+02   2.8574378890758766e+02
   7.9500000000000000e+02   2.8741801203316697e+02
   8.0000000000000000e+02   2.8932833091338154e+02
   8.0500000000000000e+02   2.9139805956613469e+02
   8.1000000000000000e+02   2.9607614738668491e+02
   8.1500000000000000e+02   2.9718836625947085e+02
   8.2000000000000000e+02   2.9156425040952513e+02
   8.2500000000000000e+02   2.9398885079572733e+02
   8.3000000000000000e+02   2.9672086989566310e+02
   8.3500000000000000e+02   2.9232599594644751e+02
   8.4000000000000000e+02   2.8953364905152148e+02
   8.4500000000000000e+02   2.8672936231351014e+02
   8.5000000000000000e+02   2.9470839797128980e+02
   8.5500000000000000e+02   2.9704751897927764e+02
   8.6000000000000000e+02   2.9707607660416824e+02
   8.6500000000000000e+02   2.9000741678025895e+02
   8.7000000000000000e+02   2.8954045947453000e+02
   8.7500000000000000e+02   2.8871436623417111e+02
   8.8000000000000000e+02   2.8957668908018582e+02
   8.8500000000000000e+02   2.9454795994235366e+02
   8.9000000000000000e+02   3.0664757393709129e+02
   8.9500000000000000e+02   2.9743988245138615e+02
   9.0000000000000000e+02   2.9633522101595520e+02
   9.0500000000000000e+02   2.9949721014210655e+02
   9.1000000000000000e+02   2.9174108117823158e+02
   9.1500000000000000e+02   2.7972450300955427e+02
   9.2000000000000000e+02   2.8341707343984575e+02
   9.2500000000000000e+02   2.8808703744297537e+02
   9.3000000000000000e+02   2.9032713974181030e+02
   9.3500000000000000e+02   2.8590710654967677e+02
   9.4000000000000000e+02   2.8395929463029012e+02
   9.4500000000000000e+02   2.8490635242496717e+02
   9.5000000000000000e+02   2.9244334639903485e+02
   9.5500000000000000e+02   2.8682717855321476e+02
   9.6000000000000000e+02   2.8365046919796549e+02
   9.6500000000000000e+02   2.8985894137589491e+02
   9.7000000000000000e+02   3.0089767745300838e+02
   9.7500000000000000e+02   3.0422442422638755e+02
   9.8000000000000000e+02   2.9598010483741814e+02
   9.8500000000000000e+02   2.9296457396559885e+02
   9.9000000000000000e+02   2.9215900562486962e+02
   9.9500000000000000e+02   2.9508258334788542e+02
   1.0000000000000000e+03   2.9123535366668142e+02
