   0.0000000000000000e+00
   1.0000000000000000e+01
   2.0000000000000000e+01
   3.0000000000000000e+01
   4.0000000000000000e+01
   5.0000000000000000e+01
   6.0000000000000000e+01
   7.0000000000000000e+01
   8.0000000000000000e+01
   9.0000000000000000e+01
   1.0000000000000000e+02
   1.1000000000000000e+02
   1.2000000000000000e+02
   1.3000000000000000e+02
   1.4000000000000000e+02
   1.5000000000000000e+02
   1.6000000000000000e+02
   1.7000000000000000e+02
   1.8000000000000000e+02
   1.9000000000000000e+02
   2.0000000000000000e+02
   2.1000000000000000e+02
   2.2000000000000000e+02
   2.3000000000000000e+02
   2.4000000000000000e+02
   2.5000000000000000e+02
   2.6000000000000000e+02
   2.7000000000000000e+02
   2.8000000000000000e+02
   2.9000000000000000e+02
   3.0000000000000000e+02
   3.1000000000000000e+02
   3.2000000000000000e+02
   3.3000000000000000e+02
   3.4000000000000000e+02
   3.5000000000000000e+02
   3.6000000000000000e+02
   3.7000000000000000e+02
   3.8000000000000000e+02
   3.9000000000000000e+02
   4.0000000000000000e+02
   4.1000000000000000e+02
   4.2000000000000000e+02
   4.3000000000000000e+02
   4.4000000000000000e+02
   4.5000000000000000e+02
   4.6000000000000000e+02
   4.7000000000000000e+02
   4.8000000000000000e+02
   4.9000000000000000e+02
   5.0000000000000000e+02
   5.1000000000000000e+02
   5.2000000000000000e+02
   5.3000000000000000e+02
   5.4000000000000000e+02
   5.5000000000000000e+02
   5.6000000000000000e+02
   5.7000000000000000e+02
   5.8000000000000000e+02
   5.9000000000000000e+02
   6.0000000000000000e+02
   6.1000000000000000e+02
   6.2000000000000000e+02
   6.3000000000000000e+02
   6.4000000000000000e+02
   6.5000000000000000e+02
   6.6000000000000000e+02
   6.7000000000000000e+02
   6.8000000000000000e+02
   6.9000000000000000e+02
   7.0000000000000000e+02
